49,946328 35,927963
49,947100 35,930388
49,946226 35,933665
49,950927 35,893927
49,958404 35,910537
49,961743 35,927679
49,961022 35,947940
49,960754 35,963981
49,952042 35,970322
49,946264 35,971376
49,941405 35,969583
49,934848 35,963427
49,931762 35,955373
49,932505 35,941899
49,935903 35,936225
49,938071 35,933706
49,939541 35,933482
49,940658 35,928185
49,943926 35,912977
49,946990 35,917809
49,944177 35,923631
49,945622 35,928274
49,946677 35,929245
49,948293 35,931806
49,950023 35,929623
49,950952 35,934314
49,953088 35,936858
49,955839 35,929154
49,954493 35,924625
49,951927 35,922857
49,948870 35,917476
49,949613 35,914318
49,946954 35,917963
49,946380 35,911148
49,945193 35,911148
49,943757 35,912800
49,942928 35,913830
49,942776 35,917392
49,940351 35,922525
49,955420 35,939942
49,954951 35,925136
49,951997 35,922905
49,945176 35,911060
49,941558 35,909815
49,940006 35,910282
49,937191 35,913616
49,940135 35,920224
49,939384 35,923479
49,939795 35,932